#data from trainer.py
1
-0.3894905683583295 0.42641415025842 1 1
0.2799661656065382 -0.5864841966699212 1 -1
-0.3103981264781571 -0.9546863349939093 1 -1
0.0070064028963234826 -0.09296740361440337 1 -1
0.364872124677445 -0.43829715217104614 1 -1
-0.19261238589414142 -0.6420496730568053 1 -1
-0.8775458631724186 -0.07482009528759503 1 1
-0.2810870135561414 0.495421058246556 1 1
0.1474871168287214 -0.4915396490810803 1 -1
0.5033250219992605 -0.9244285672555357 1 -1
-0.5271825333560131 0.3920510532188035 1 1
-0.48095984265612735 0.29392711267598515 1 1
-0.43617962930207643 -0.07626412613872413 1 1
-0.8105378153316547 0.006395801472639739 1 1
-0.10505094780722812 -0.6388069177857992 1 -1
-0.9706806172675169 -0.9480821494935916 1 1
-0.9333153329246768 -0.5226165416683994 1 1
-0.526318118769732 -0.8381994563260173 1 -1
0.7347118237316682 0.9987325224586191 1 1
-0.9241855368612542 0.5253187816826834 1 1
